i=0.5 1 1
k=3
t=5
d
x = 0.160738 y = -0.702644 z = 0.3 q = 0.0108531 0.773963 -0.632811 0.0201392
t=1
g=0.1
t=5
z = 0.0388652
t=1
g=0
t=5
p
z = 0.3
x = 0.198355 y = 0.478928 q = -0.00147685 0.819601 0.572862 -0.0086242
z = 0.0388652
t=1
g=0.1
t=5
z=0.2
d
f
